2.861559528286282753e-02
7.914475153345288533e-03
1.399997113410997134e-02
6.999985567054956177e-03
8.631917632867582360e-03
2.860235243049941145e-02
1.360655767636924883e-02
1.650847673169180546e-02
2.363680873162791324e-02
1.923601433048677256e-02
2.099995670116477572e-02
1.814130343390091965e-02
2.914037485614979356e-02
1.383664767027264521e-02
2.390245888851936368e-02
3.618850648502205253e-02
2.691447130090347112e-02
2.761390561638437172e-02
5.228898746140852455e-02
1.319348299479889131e-01
1.935767652202555755e-01
1.948538525233734775e-01
1.276645685736839675e-01
6.502016411672618956e-02
3.602762124852045000e-02
3.383678868239470977e-02
4.884501532733653145e-02
7.223204396518871639e-02
1.181883178681424618e-01
1.199405456541557807e-01
1.688499485109302700e-01
1.948084790345073203e-01
2.063585600945787579e-01
2.055718851389647661e-01
1.775373168904627874e-01
1.472786412941495537e-01
1.312948246350735260e-01
8.700553792153663257e-02
7.487107528765861442e-02
4.572831733029090323e-02
3.177734978861178339e-02
4.603658924160014543e-02
2.243623235139281455e-02
1.896493131870537890e-02
7.914475153345309349e-03
8.631917632867533788e-03
1.617618694393902976e-02
1.056592233985732820e-02
1.120403544192343122e-02
1.319185565289365814e-02
