2.861559528286285057e-07
2.240807088384672003e-07
8.631917632867633534e-08
5.000505127040721810e-08
3.042518790413333828e-07
2.274925919004160172e-07
1.726383526573518766e-07
7.914475153345306019e-08
2.099995670116480451e-07
2.099995670116476216e-07
1.437384414251874294e-07
2.530377175089071073e-07
2.494183980388344803e-07
4.175262232488220338e-07
4.925951992347816564e-07
3.043714056454137064e-06
1.449457362160637651e-05
5.746244907103548432e-05
1.444387494617694072e-04
3.606062321329148558e-04
5.627309367610596738e-04
5.991011336012209022e-04
4.260533962244624959e-04
2.207624958681994999e-04
1.099021874980548485e-04
1.301831377901705193e-04
2.026610065342985504e-04
1.955151745671883964e-04
2.961477526537513580e-04
4.218887573207325838e-04
6.084409805092039084e-04
6.266217544953789917e-04
6.358027251856685500e-04
6.825029788043645781e-04
6.049520556923570483e-04
5.398525315650303360e-04
3.823473831844099871e-04
3.422792836180365205e-04
2.574107592270188905e-04
1.784034747561445190e-04
1.322810330449402814e-04
7.826705364116135182e-05
4.493086807181766661e-05
2.549264453752137310e-05
1.402041700139764702e-05
7.383997139991317224e-06
3.916327272685460487e-06
1.591813583400972677e-06
6.775750147297198124e-07
3.025452805401693186e-07
